$$ INITIAL CONDITION FILE CREATED ON 2020-09-10 AT 12:30:17.868477
System_class: Nanowire
$ Space Grid:
Total_length: 1500.0
Node_width: 10.0
$ System Parameters:
Mu_N: 10.0
Mu_P: 10.0
N0: 100000000.0
P0: 1000000000000000.0
B: 1e-10
Tau_N: 20.0
Tau_P: 20.0
Sf: 10000.0
Sb: 1e-06
Temperature: 300.0
Rel-Permitivity: 13.6
Ext_E-Field: 0.0
Theta: 0.0
Alpha: 0.0
Delta: 0.0
Frac-Emitted: 1.0
deltaN: 9.51229425e+16	8.60707976e+16	7.78800783e+16	7.04688090e+16	6.37628152e+16	5.76949810e+16	5.22045777e+16	4.72366553e+16	4.27414932e+16	3.86741023e+16	3.49937749e+16	3.16636769e+16	2.86504797e+16	2.59240261e+16	2.34570288e+16	2.12247974e+16	1.92049909e+16	1.73773943e+16	1.57237166e+16	1.42274072e+16	1.28734904e+16	1.16484158e+16	1.05399225e+16	9.53691622e+15	8.62935865e+15	7.80816660e+15	7.06512131e+15	6.39278612e+15	5.78443209e+15	5.23397059e+15	4.73589244e+15	4.28521269e+15	3.87742078e+15	3.50843541e+15	3.17456364e+15	2.87246397e+15	2.59911288e+15	2.35177459e+15	2.12797364e+15	1.92547018e+15	1.74223746e+15	1.57644165e+15	1.42642339e+15	1.29068126e+15	1.16785670e+15	1.05672044e+15	9.56160193e+14	8.65169520e+14	7.82837755e+14	7.08340893e+14	6.40933345e+14	5.79940473e+14	5.24751840e+14	4.74815100e+14	4.29630469e+14	3.88745724e+14	3.51751677e+14	3.18278080e+14	2.87989916e+14	2.60584052e+14	2.35786201e+14	2.13348177e+14	1.93045414e+14	1.74674714e+14	1.58052217e+14	1.43011560e+14	1.29402211e+14	1.17087962e+14	1.05945569e+14	9.58635154e+13	8.67408957e+13	7.84864081e+13	7.10174389e+13	6.42592360e+13	5.81441612e+13	5.26110127e+13	4.76044129e+13	4.30742541e+13	3.89751968e+13	3.52662165e+13	3.19101922e+13	2.88735360e+13	2.61258557e+13	2.36396518e+13	2.13900415e+13	1.93545100e+13	1.75126848e+13	1.58461325e+13	1.43381736e+13	1.29737160e+13	1.17391037e+13	1.06219803e+13	9.61116521e+12	8.69654191e+12	7.86895653e+12	7.12012631e+12	6.44255670e+12	5.82946637e+12	5.27471930e+12	4.77276339e+12	4.31857491e+12	3.90760817e+12	3.53575009e+12	3.19927898e+12	2.89482733e+12	2.61934809e+12	2.37008416e+12	2.14454083e+12	1.94046079e+12	1.75580153e+12	1.58871492e+12	1.43752871e+12	1.30072977e+12	1.17694896e+12	1.06494746e+12	9.63604310e+11	8.71905236e+11	7.88932483e+11	7.13855631e+11	6.45923286e+11	5.84455558e+11	5.28837258e+11	4.78511739e+11	4.32975327e+11	3.91772277e+11	3.54490215e+11	3.20756011e+11	2.90232041e+11	2.62612810e+11	2.37621897e+11	2.15009184e+11	1.94548355e+11	1.76034631e+11	1.59282721e+11	1.44124966e+11	1.30409662e+11	1.17999542e+11	1.06770401e+11	9.66098540e+10	8.74162108e+10	7.90974585e+10	7.15703401e+10	6.47595218e+10	5.85968385e+10	5.30206120e+10	4.79750337e+10	4.34096056e+10	3.92786355e+10	3.55407791e+10	3.21586268e+10
deltaP: 9.51229425e+16	8.60707976e+16	7.78800783e+16	7.04688090e+16	6.37628152e+16	5.76949810e+16	5.22045777e+16	4.72366553e+16	4.27414932e+16	3.86741023e+16	3.49937749e+16	3.16636769e+16	2.86504797e+16	2.59240261e+16	2.34570288e+16	2.12247974e+16	1.92049909e+16	1.73773943e+16	1.57237166e+16	1.42274072e+16	1.28734904e+16	1.16484158e+16	1.05399225e+16	9.53691622e+15	8.62935865e+15	7.80816660e+15	7.06512131e+15	6.39278612e+15	5.78443209e+15	5.23397059e+15	4.73589244e+15	4.28521269e+15	3.87742078e+15	3.50843541e+15	3.17456364e+15	2.87246397e+15	2.59911288e+15	2.35177459e+15	2.12797364e+15	1.92547018e+15	1.74223746e+15	1.57644165e+15	1.42642339e+15	1.29068126e+15	1.16785670e+15	1.05672044e+15	9.56160193e+14	8.65169520e+14	7.82837755e+14	7.08340893e+14	6.40933345e+14	5.79940473e+14	5.24751840e+14	4.74815100e+14	4.29630469e+14	3.88745724e+14	3.51751677e+14	3.18278080e+14	2.87989916e+14	2.60584052e+14	2.35786201e+14	2.13348177e+14	1.93045414e+14	1.74674714e+14	1.58052217e+14	1.43011560e+14	1.29402211e+14	1.17087962e+14	1.05945569e+14	9.58635154e+13	8.67408957e+13	7.84864081e+13	7.10174389e+13	6.42592360e+13	5.81441612e+13	5.26110127e+13	4.76044129e+13	4.30742541e+13	3.89751968e+13	3.52662165e+13	3.19101922e+13	2.88735360e+13	2.61258557e+13	2.36396518e+13	2.13900415e+13	1.93545100e+13	1.75126848e+13	1.58461325e+13	1.43381736e+13	1.29737160e+13	1.17391037e+13	1.06219803e+13	9.61116521e+12	8.69654191e+12	7.86895653e+12	7.12012631e+12	6.44255670e+12	5.82946637e+12	5.27471930e+12	4.77276339e+12	4.31857491e+12	3.90760817e+12	3.53575009e+12	3.19927898e+12	2.89482733e+12	2.61934809e+12	2.37008416e+12	2.14454083e+12	1.94046079e+12	1.75580153e+12	1.58871492e+12	1.43752871e+12	1.30072977e+12	1.17694896e+12	1.06494746e+12	9.63604310e+11	8.71905236e+11	7.88932483e+11	7.13855631e+11	6.45923286e+11	5.84455558e+11	5.28837258e+11	4.78511739e+11	4.32975327e+11	3.91772277e+11	3.54490215e+11	3.20756011e+11	2.90232041e+11	2.62612810e+11	2.37621897e+11	2.15009184e+11	1.94548355e+11	1.76034631e+11	1.59282721e+11	1.44124966e+11	1.30409662e+11	1.17999542e+11	1.06770401e+11	9.66098540e+10	8.74162108e+10	7.90974585e+10	7.15703401e+10	6.47595218e+10	5.85968385e+10	5.30206120e+10	4.79750337e+10	4.34096056e+10	3.92786355e+10	3.55407791e+10	3.21586268e+10
E_field: 0.0
Ec: 0.00000000e+00	0.00000000e+00	0.00000000e+00	0.00000000e+00	0.00000000e+00	0.00000000e+00	0.00000000e+00	0.00000000e+00	0.00000000e+00	0.00000000e+00	0.00000000e+00	0.00000000e+00	0.00000000e+00	0.00000000e+00	0.00000000e+00	0.00000000e+00	0.00000000e+00	0.00000000e+00	0.00000000e+00	0.00000000e+00	0.00000000e+00	0.00000000e+00	0.00000000e+00	0.00000000e+00	0.00000000e+00	0.00000000e+00	0.00000000e+00	0.00000000e+00	0.00000000e+00	0.00000000e+00	0.00000000e+00	0.00000000e+00	0.00000000e+00	0.00000000e+00	0.00000000e+00	0.00000000e+00	0.00000000e+00	0.00000000e+00	0.00000000e+00	0.00000000e+00	0.00000000e+00	0.00000000e+00	0.00000000e+00	0.00000000e+00	0.00000000e+00	0.00000000e+00	0.00000000e+00	0.00000000e+00	0.00000000e+00	0.00000000e+00	0.00000000e+00	0.00000000e+00	0.00000000e+00	0.00000000e+00	0.00000000e+00	0.00000000e+00	0.00000000e+00	0.00000000e+00	0.00000000e+00	0.00000000e+00	0.00000000e+00	0.00000000e+00	0.00000000e+00	0.00000000e+00	0.00000000e+00	0.00000000e+00	0.00000000e+00	0.00000000e+00	0.00000000e+00	0.00000000e+00	0.00000000e+00	0.00000000e+00	0.00000000e+00	0.00000000e+00	0.00000000e+00	0.00000000e+00	0.00000000e+00	0.00000000e+00	0.00000000e+00	0.00000000e+00	0.00000000e+00	0.00000000e+00	0.00000000e+00	0.00000000e+00	0.00000000e+00	0.00000000e+00	0.00000000e+00	0.00000000e+00	0.00000000e+00	0.00000000e+00	0.00000000e+00	0.00000000e+00	0.00000000e+00	0.00000000e+00	0.00000000e+00	0.00000000e+00	0.00000000e+00	0.00000000e+00	0.00000000e+00	0.00000000e+00	0.00000000e+00	0.00000000e+00	0.00000000e+00	0.00000000e+00	0.00000000e+00	0.00000000e+00	0.00000000e+00	0.00000000e+00	0.00000000e+00	0.00000000e+00	0.00000000e+00	0.00000000e+00	0.00000000e+00	0.00000000e+00	0.00000000e+00	0.00000000e+00	0.00000000e+00	0.00000000e+00	0.00000000e+00	0.00000000e+00	0.00000000e+00	0.00000000e+00	0.00000000e+00	0.00000000e+00	0.00000000e+00	0.00000000e+00	0.00000000e+00	0.00000000e+00	0.00000000e+00	0.00000000e+00	0.00000000e+00	0.00000000e+00	0.00000000e+00	0.00000000e+00	0.00000000e+00	0.00000000e+00	0.00000000e+00	0.00000000e+00	0.00000000e+00	0.00000000e+00	0.00000000e+00	0.00000000e+00	0.00000000e+00	0.00000000e+00	0.00000000e+00	0.00000000e+00	0.00000000e+00	0.00000000e+00	0.00000000e+00	0.00000000e+00	0.00000000e+00
electron_affinity: 0.00000000e+00	0.00000000e+00	0.00000000e+00	0.00000000e+00	0.00000000e+00	0.00000000e+00	0.00000000e+00	0.00000000e+00	0.00000000e+00	0.00000000e+00	0.00000000e+00	0.00000000e+00	0.00000000e+00	0.00000000e+00	0.00000000e+00	0.00000000e+00	0.00000000e+00	0.00000000e+00	0.00000000e+00	0.00000000e+00	0.00000000e+00	0.00000000e+00	0.00000000e+00	0.00000000e+00	0.00000000e+00	0.00000000e+00	0.00000000e+00	0.00000000e+00	0.00000000e+00	0.00000000e+00	0.00000000e+00	0.00000000e+00	0.00000000e+00	0.00000000e+00	0.00000000e+00	0.00000000e+00	0.00000000e+00	0.00000000e+00	0.00000000e+00	0.00000000e+00	0.00000000e+00	0.00000000e+00	0.00000000e+00	0.00000000e+00	0.00000000e+00	0.00000000e+00	0.00000000e+00	0.00000000e+00	0.00000000e+00	0.00000000e+00	0.00000000e+00	0.00000000e+00	0.00000000e+00	0.00000000e+00	0.00000000e+00	0.00000000e+00	0.00000000e+00	0.00000000e+00	0.00000000e+00	0.00000000e+00	0.00000000e+00	0.00000000e+00	0.00000000e+00	0.00000000e+00	0.00000000e+00	0.00000000e+00	0.00000000e+00	0.00000000e+00	0.00000000e+00	0.00000000e+00	0.00000000e+00	0.00000000e+00	0.00000000e+00	0.00000000e+00	0.00000000e+00	0.00000000e+00	0.00000000e+00	0.00000000e+00	0.00000000e+00	0.00000000e+00	0.00000000e+00	0.00000000e+00	0.00000000e+00	0.00000000e+00	0.00000000e+00	0.00000000e+00	0.00000000e+00	0.00000000e+00	0.00000000e+00	0.00000000e+00	0.00000000e+00	0.00000000e+00	0.00000000e+00	0.00000000e+00	0.00000000e+00	0.00000000e+00	0.00000000e+00	0.00000000e+00	0.00000000e+00	0.00000000e+00	0.00000000e+00	0.00000000e+00	0.00000000e+00	0.00000000e+00	0.00000000e+00	0.00000000e+00	0.00000000e+00	0.00000000e+00	0.00000000e+00	0.00000000e+00	0.00000000e+00	0.00000000e+00	0.00000000e+00	0.00000000e+00	0.00000000e+00	0.00000000e+00	0.00000000e+00	0.00000000e+00	0.00000000e+00	0.00000000e+00	0.00000000e+00	0.00000000e+00	0.00000000e+00	0.00000000e+00	0.00000000e+00	0.00000000e+00	0.00000000e+00	0.00000000e+00	0.00000000e+00	0.00000000e+00	0.00000000e+00	0.00000000e+00	0.00000000e+00	0.00000000e+00	0.00000000e+00	0.00000000e+00	0.00000000e+00	0.00000000e+00	0.00000000e+00	0.00000000e+00	0.00000000e+00	0.00000000e+00	0.00000000e+00	0.00000000e+00	0.00000000e+00	0.00000000e+00	0.00000000e+00	0.00000000e+00	0.00000000e+00	0.00000000e+00	0.00000000e+00
$ System Flags:
ignore_alpha: 1
symmetric_system: 1
